0 0.5062106145957367
0.1 0.5547024373436563
0.2 0.599531235710525
0.3 0.6096223730010905
0.4 0.666898422292914
0.5 0.6932402506617286
0.6 0.7401830209319131
0.7 0.7630035917202518
0.8 0.7987828785112423
0.9 0.799174873290365
1 0.8216656220025627
1.1 0.8725063678597177
1.2 0.8126384876898325
1.3 0.870827276056431
1.4 0.8669607053065849
1.5 0.9053299433128569
1.6 0.9478577747477862
1.7 0.9657748713735291
1.8 0.9249155512988739
1.9 0.9502281517693321
2 0.9769372144290606
2.1 0.972547326079045
2.2 0.9973084687933707
2.3 1.006643312534194
2.4 0.9725898077925734
2.5 0.9994542731061394
2.6 0.9461778549004105
2.7 1.047236529002004
2.8 0.99541083675946
2.9 0.9802009195890283
3 1.009796831493382
3.1 0.975503789249564
3.2 1.017753130928896
3.3 1.001073733161526
3.4 1.085922695762248
3.5 1.051286074360676
3.6 0.9411073587681303
3.7 1.025729577429674
3.8 0.9683176248895937
3.9 0.9993310747867051
4 1.00885451982704
4.1 1.023165465275373
4.2 0.98862986938877
4.3 1.040861331948029
4.4 0.9743991364744898
4.5 0.9938170346614454
4.6 0.9991505496887231
4.7 0.9770362991616155
4.8 0.9954368818763182
4.9 0.9736242284304403
5 0.9365299346838808
5.1 0.9030084607539873
5.2 1.001904062843765
5.3 0.9248192337896532
5.4 0.9387087829649814
5.5 0.9455939608435621
5.6 0.9267562096218116
5.7 0.8928000796240328
5.8 0.89834913754712
5.9 0.9012650138755268
6 0.9389352458468258
6.1 0.8689333635692
6.2 0.9061735241981111
6.3 0.8866417520582973
6.4 0.8657139542788183
6.5 0.8381107066934431
6.6 0.8510998964370133
6.7 0.8494225928601851
6.8 0.8084289597148268
6.9 0.842921931528653
7 0.8110218037923785
7.1 0.8221438774546086
7.2 0.8259507917820997
7.3 0.7891415468094021
7.4 0.7971217897723653
7.5 0.8056609691206177
7.6 0.7480951302307595
7.7 0.8084116306579486
7.8 0.8355213836390848
7.9 0.7926488564623356
8 0.7562331809145821
8.1 0.766516944621792
8.199999999999999 0.7270871864099077
8.300000000000001 0.7864619170315802
8.4 0.7578369990745952
8.5 0.7475974512909028
8.6 0.7048077960485514
8.699999999999999 0.7239472418180055
8.800000000000001 0.6987220907180915
8.9 0.6975021407014163
9 0.6857827278631242
9.1 0.6702624434355771
9.199999999999999 0.6664252745586483
9.300000000000001 0.6742578473291455
9.4 0.6388272345582205
9.5 0.6782330217240129
9.6 0.6574478694106025
9.699999999999999 0.6674639729973566
9.800000000000001 0.6527452501151793
9.9 0.6509869614177952
10 0.6077165095561358
10.1 0.6103996131436449
10.2 0.6151160436323596
10.3 0.6195477381981478
10.4 0.6327164005061379
10.5 0.6005844547445001
10.6 0.6232035129842584
10.7 0.6028672289921923
10.8 0.6097501240869437
10.9 0.5852330530012471
11 0.566149615684483
11.1 0.5470103522715225
11.2 0.5690153989058594
11.3 0.5748558584985364
11.4 0.5506461802281432
11.5 0.5412826995400095
11.6 0.5397950623527216
11.7 0.5220813083955548
11.8 0.5264689869583544
11.9 0.5262686376608834
12 0.5247125367533352
12.1 0.5179059530169119
12.2 0.5233601799102535
12.3 0.5105166714968551
12.4 0.5320671525589933
12.5 0.503662974787521
12.6 0.5215843727144714
12.7 0.478772114620197
12.8 0.4922022719419105
12.9 0.4760171552207772
13 0.4836817529320874
13.1 0.4788540761941379
13.2 0.4362198399577001
13.3 0.4432167052966324
13.4 0.4373689940931597
13.5 0.4576913540141967
13.6 0.4679552448252879
13.7 0.4390371809214815
13.8 0.4498325199934605
13.9 0.441856141878826
14 0.4170379696356838
14.1 0.4312785150716533
14.2 0.4125564279044864
14.3 0.4372537433021811
14.4 0.4132863692936191
14.5 0.4302154698546438
14.6 0.4004301746880835
14.7 0.4087304112474892
14.8 0.3968536164173345
14.9 0.3705053204107587
15 0.3784693206935157
