        6         2.598076211353316        -0.543516442236477         0.866025403784439
       12         3.000000000000000        -0.141592653589793         0.500000000000000
       24         3.105828541230249        -0.035764112359544         0.258819045102521
       48         3.132628613281238        -0.008964040308555         0.130526192220052
       96         3.139350203046867        -0.002242450542926         0.065403129230143
      192         3.141031950890509        -0.000560702699284         0.032719082821776
      384         3.141452472285462        -0.000140181304332         0.016361731626487
      768         3.141557607911857        -0.000035045677936         0.008181139603937
     1536         3.141583892148318        -0.000008761441475         0.004090604026235
     3072         3.141590463228050        -0.000002190361744         0.002045306291164
     6144         3.141592105999271        -0.000000547590522         0.001022653680338
    12288         3.141592516692156        -0.000000136897637         0.000511326907014
    24576         3.141592619365383        -0.000000034224410         0.000255663461862
    49152         3.141592645033690        -0.000000008556103         0.000127831731976
    98304         3.141592651450766        -0.000000002139027         0.000063915866118
   196608         3.141592653055036        -0.000000000534757         0.000031957933076
   393216         3.141592653456104        -0.000000000133690         0.000015978966540
   786432         3.141592653556371        -0.000000000033422         0.000007989483270
  1572864         3.141592653581438        -0.000000000008355         0.000003994741635
  3145728         3.141592653587705        -0.000000000002089         0.000001997370818
  6291456         3.141592653589271        -0.000000000000522         0.000000998685409
 12582912         3.141592653589663        -0.000000000000130         0.000000499342704
 25165824         3.141592653589761        -0.000000000000032         0.000000249671352
 50331648         3.141592653589786        -0.000000000000008         0.000000124835676
100663296         3.141592653589791        -0.000000000000002         0.000000062417838
201326592         3.141592653589794         0.000000000000000         0.000000031208919
402653184         3.141592653589794         0.000000000000001         0.000000015604460
