  -20         6.1475618242e-09         2.0611536224e-09        1.982583033727893
  -18         1.5983720359e-08         1.5229979745e-08        0.049490585500089
  -16         1.1247503300e-07         1.1253517472e-07        0.000534425951530
  -14         8.3154417874e-07         8.3152871910e-07        0.000018591829627
  -12         6.1442105142e-06         6.1442123533e-06        0.000000299321453
  -10         4.5399929604e-05         4.5399929762e-05        0.000000003501044
   -8         3.3546262812e-04         3.3546262790e-04        0.000000000662004
   -6         2.4787521758e-03         2.4787521767e-03        0.000000000332519
   -4         1.8315638879e-02         1.8315638889e-02        0.000000000530724
   -2         1.3533528320e-01         1.3533528324e-01        0.000000000273603
    0         1.0000000000e+00         1.0000000000e+00        0.000000000000000
    2         7.3890560954e+00         7.3890560989e+00        0.000000000479969
    4         5.4598149928e+01         5.4598150033e+01        0.000000001923058
    6         4.0342879295e+02         4.0342879349e+02        0.000000001344248
    8         2.9809579808e+03         2.9809579870e+03        0.000000002102584
   10         2.2026465748e+04         2.2026465795e+04        0.000000002143799
   12         1.6275479114e+05         1.6275479142e+05        0.000000001723845
   14         1.2026042798e+06         1.2026042842e+06        0.000000003634135
   16         8.8861105010e+06         8.8861105205e+06        0.000000002197990
   18         6.5659968911e+07         6.5659969137e+07        0.000000003450972
   20         4.8516519307e+08         4.8516519541e+08        0.000000004828737
