 0
 0
 1.30
 1.36
 1.58
 1.48
 1.14
 1.28
 1.08
 1.08
 1.08
 1.40
 1.74
 2.10
 1.98
 2.42
 1.22
 0.96
 0
 0
 0
 0
 0
 0
 0
 0
 1.02
 1.08
 1.14
 1.06
 1.06
 1.06
 1.46
 1.06
 1.12
 1.40
 1.58
 1.50
 1.80
 2.16
 2.92
 2.88
 1.56
 0.78
 0
 0
 0
 0
 0
 0.72
 0.78
 0.86
 0.92
 0.98
 0.94
 1.18
 1.28
 1.24
 1.18
 1.16
 1.16
 1.12
 1.30
 0.92
 1.38
 2.20
 2.06
 0.98
 0.86
 0.58
 0.58
 0
 0
 0
 0
 0
 0.64
 0.82
 0.84
 1.18
 0.62
 0.82
 0.72
 0.68
 0.76
 0.86
 0.96
 1.18
 1.26
 1.16
 1.44
 1.88
 2.30
 2.50
 1.48
 0.86
 0.82
 0.64
 0.54
 0.50
 0.46
 0.52
 0.50
 0.50
 0.50
 0.78
 0.74
 0.76
 0.94
 1.10
 1.04
 0.94
 1.10
 1.06
 1.02
 0.84
 1.18
 1.60
 1.22
 1.56
 1.34
 0.76
 0.58
 0.52
 0.52
 0.52
 0.44
 0.52
 0.66
 0.64
 0.68
 0.74
 0.70
 0.84
 0.68
 0.68
 0.80
 0.84
 1.02
 1.28
 1.12
 1.26
 1.32
 1.62
 2.48
 2.76
 1.72
 0.80
 0.70
 0.52
 0.48
 0.52
 0.44
 0.40
 0.46
 0.38
 0.38
 0.72
 0.82
 0.90
 1.08
 1.22
 1.14
 0.98
 1.24
 1.12
 0.98
 1.26
 1.22
 1.44
 1.52
 2.18
 1.06
 0.62
 0.62
 0.44
 0.52
 0.42
 0.48
 0.58
 0.54
 0.66
 0.80
 0.84
 0.96
 0.72
 0.80
 0.68
 0.76
 0.82
 0.98
 1.12
 1.20
 1.50
 1.46
 1.76
 2.60
 2.92
 1.76
 0.90
 0.78
 0.68
 0.60
 0.58
 0.42
 0.56
 0.46
 0.34
 0.34
 0.72
 0.84
 0.90
 1.02
 1.16
 1.14
 1.18
 1.10
 1.06
 1.02
 0.72
 1.00
 1.68
 1.84
 2.08
 1.02
 0.50
 0.52
 0.46
 0.48
 0.52
 0.44
 0.48
 0.50
 0.56
 0.56
 0.74
 0.80
 0.62
 0.64
 0.64
 0.80
 0.66
 0.84
 1.06
 1.20
 1.46
 1.46
 1.88
 2.32
 3.18
 1.84
 1.00
 0.58
 0.60
 0.52
 0.48
 0.46
 0.52
 0.50
 0.22
 0.26
 0.68
 0.76
 0.84
 1.00
 0.96
 1.08
 1.10
 1.18
 1.22
 0.98
 1.06
 0.96
 1.28
 1.30
 2.06
 1.82
 0.96
 0.68
 0.66
 0.50
 0.60
 0.46
 0.52
 0.60
 0.66
 0.68
 0.76
 0.86
 0.84
 0.80
 0.72
 0.80
 0.82
 0.94
 1.16
 1.30
 1.60
 1.78
 1.80
 2.58
 3.48
 2.42
 1.34
 0.88
 0.80
 0.68
 0.60
 0.64
 0.56
 0.58
 0.34
 0.36
 0.72
 0.96
 1.10
 1.08
 1.20
 1.18
 1.34
 1.32
 1.42
 1.38
 1.28
 1.08
 1.10
 1.66
 2.54
 1.70
 0.96
 0.84
 0.56
 0.56
 0.48
 0.54
 0.66
 0.60
 0.64
 0.68
 0.72
 0.68
 0.76
 0.66
 0.68
 0.70
 0.82
 0.90
 1.06
 1.16
 1.32
 1.76
 1.84
 2.22
 2.74
 2.76
 1.44
 0.88
 0.80
 0.68
 0.64
 0.56
 0.62
 0.60
 0.34
 0.32
